the           at0     677594  2018 335.8 5003.6 14.9
of            prf     353416  2018 175.1 2860.4 16.3
and           cjc     284466  2018 141.0 1157.6  8.2
a             at0     215069  2018 106.6 550.5  5.2
in            prp     207531  2018 102.8 846.2  8.2
to            to0     165553  2018 82.0 543.2  6.6
is            vbz     119247  2008 59.1 1013.8 17.2
to            prp     97509  2018 48.3 141.8  2.9
for           prp     94939  2017 47.0 259.0  5.5
it            pnp     81535  2016 40.4 349.4  8.6
be            vbi     72671  2018 36.0 338.8  9.4
was           vbd     71104  1975 35.2 915.4 26.0
on            prp     67159  2018 33.3 202.6  6.1
with          prp     66765  2018 33.1 129.7  3.9
that          cjt     64134  2015 31.8 248.4  7.8
by            prp     63376  2018 31.4 144.6  4.6
are           vbb     56666  1976 28.1 314.4 11.2
's            pos     50221  1994 24.9 244.6  9.8
this          dt0     48495  2016 24.0 147.9  6.2
from          prp     47426  2018 23.5  76.5  3.3
which         dtq     47009  2018 23.3 136.8  5.9
at            prp     46832  2018 23.2 139.7  6.0
not           xx0     43234  2017 21.4 145.7  6.8
or            cjc     42721  2015 21.2 295.7 14.0
an            at0     39800  2018 19.7  51.8  2.6
he            pnp     36854  1794 18.3 552.6 30.3
but           cjc     36780  2018 18.2  86.3  4.7
has           vhz     35736  1964 17.7 125.7  7.1
will          vm0     32909  1890 16.3 234.4 14.4
i             pnp     32083  1376 15.9 914.8 57.5
they          pnp     31670  2006 15.7 112.5  7.2
his           dps     30857  1769 15.3 400.8 26.2
were          vbd     30082  1930 14.9 190.6 12.8
their         dps     30051  2008 14.9  98.8  6.6
have          vhb     27913  1965 13.8  74.1  5.4
you           pnp     27031  1354 13.4 721.6 53.9
we            pnp     26910  1757 13.3 283.2 21.2
been          vbn     26391  2006 13.1  50.2  3.8
had           vhd     26229  1833 13.0 214.6 16.5
its           dps     24852  1975 12.3 125.8 10.2
can           vm0     24245  1932 12.0 104.8  8.7
all           dt0     21585  2014 10.7  37.5  3.5
there         ex0     20721  2003 10.3  39.6  3.9
who           pnq     20136  1924 10.0  58.0  5.8
would         vm0     19988  1963  9.9  57.8  5.8
as            cjs     19848  2012  9.8  26.0  2.6
if            cjs     18619  1940  9.2  78.0  8.5
that          cjt-dt0 18314  1986  9.1  31.8  3.5
some          dt0     17712  1987  8.8  28.6  3.3
one           crd     17396  2011  8.6  19.6  2.3
also          av0     17070  2001  8.5  20.9  2.5
new           aj0     16749  1893  8.3  52.0  6.3
have          vhi     15828  1979  7.8  27.8  3.5
these         dt0     15181  1950  7.5  34.2  4.5
more          av0     14909  1989  7.4  22.5  3.0
other         aj0     14842  2002  7.4  18.7  2.5
into          prp     14763  2001  7.3  17.5  2.4
what          dtq     14727  1875  7.3  48.3  6.6
two           crd     14350  1986  7.1  20.8  2.9
as            prp     14233  1993  7.1  17.7  2.5
may           vm0     14197  1821  7.0  70.8 10.1
time          nn1     13943  1975  6.9  22.4  3.2
first         ord     13692  1979  6.8  21.2  3.1
as            cjs-prp 13077  1976  6.5  15.7  2.4
when          avq-cjs 13022  1928  6.5  28.0  4.3
them          pnp     12495  1924  6.2  23.6  3.8
no            at0     12438  1963  6.2  16.6  2.7
that          dt0     12215  1944  6.1  22.5  3.7
people        nn0     12131  1704  6.0  61.6 10.2
than          cjs     12055  1952  6.0  19.0  3.2
out           avp     11978  1940  5.9  18.8  3.2
any           dt0     11799  1929  5.8  30.1  5.1
only          av0     11790  1987  5.8  11.8  2.0
our           dps     11544  1518  5.7  91.5 16.0
could         vm0     11535  1878  5.7  20.7  3.6
many          dt0     11436  1914  5.7  18.8  3.3
about         prp     11369  1865  5.6  24.3  4.3
should        vm0     11359  1864  5.6  37.0  6.6
your          dps     11255   987  5.6 205.6 36.9
between       prp     11014  1914  5.5  20.7  3.8
now           av0     10765  1883  5.3  16.8  3.2
as            av0     10703  1869  5.3  16.8  3.2
years         nn2     10694  1824  5.3  19.3  3.6
up            avp     10432  1866  5.2  16.4  3.2
year          nn1     10276  1553  5.1  39.6  7.8
then          av0      9858  1835  4.9  17.6  3.6
being         vbg      9708  1917  4.8  10.8  2.2
those         dt0      9631  1878  4.8  19.5  4.1
's            vbz      9536  1546  4.7  47.6 10.1
so            av0      9490  1870  4.7  13.2  2.8
she           pnp      8923  1047  4.4 104.4 23.6
n't           xx0      8855  1150  4.4  53.5 12.2
do            vdb      8851  1665  4.4  24.2  5.5
my            dps      8770  1030  4.3 104.6 24.1
such          dt0      8646  1789  4.3  17.8  4.2
very          av0      8617  1793  4.3  17.6  4.1
world         nn1      8130  1560  4.0  27.1  6.7
way           nn1      8112  1855  4.0  10.2  2.5
system        nn1      8032  1334  4.0  53.3 13.4
how           avq      7890  1712  3.9  15.3  3.9
said          vvd      7861  1094  3.9  56.8 14.6
her           dps      7749  1084  3.8  73.6 19.2
where         avq-cjs  7598  1809  3.8  11.1  2.9
government    nn0      7554  1016  3.7  59.4 15.9
however       av0      7502  1779  3.7  10.8  2.9
more          dt0      7426  1864  3.7   7.2  2.0
last          ord      7326  1555  3.6  20.1  5.5
own           dt0      7304  1789  3.6   9.5  2.6
most          av0      7250  1838  3.6   7.8  2.2
through       prp      7122  1821  3.5   9.5  2.7
him           pnp      7080  1220  3.5  32.3  9.2
work          nn1      7003  1526  3.5  24.6  7.1
three         crd      6985  1801  3.5   7.5  2.2
even          av0      6873  1741  3.4   8.8  2.6
just          av0      6801  1645  3.4  13.1  3.9
like          prp      6592  1587  3.3  12.9  3.9
did           vdd      6577  1535  3.3  14.5  4.4
because       cjs      6517  1666  3.2  10.0  3.1
must          vm0      6406  1628  3.2  13.7  4.3
under         prp      6357  1711  3.2  11.1  3.5
same          dt0      6322  1804  3.1   7.9  2.5
each          dt0      6299  1662  3.1  12.1  3.9
part          nn1      6219  1800  3.1   6.9  2.2
life          nn1      6086  1417  3.0  20.1  6.7
group         nn0      6034  1366  3.0  33.0 11.1
'             pos      6016  1624  3.0  10.4  3.5
number        nn1      6004  1655  3.0  12.0  4.0
still         av0      6002  1745  3.0   6.5  2.2
company       nn1      5913   910  2.9  46.2 15.8
social        aj0      5821   968  2.9  70.3 24.4
after         prp      5761  1677  2.9   7.7  2.7
different     aj0      5733  1587  2.8  11.4  4.0
does          vdz      5717  1590  2.8   8.7  3.1
during        prp      5698  1589  2.8   9.7  3.4
over          prp      5616  1760  2.8   5.1  1.8
most          dt0      5603  1725  2.8   6.1  2.2
development   nn1      5557  1194  2.8  29.1 10.6
good          aj0      5549  1562  2.7  10.1  3.7
within        prp      5542  1628  2.7   9.1  3.3
while         cjs      5525  1670  2.7   6.2  2.3
information   nn1      5513  1193  2.7  36.8 13.5
too           av0      5490  1635  2.7   7.1  2.6
children      nn2      5460   875  2.7  67.2 24.8
much          av0      5417  1693  2.7   5.5  2.0
us            pnp      5409  1292  2.7  20.2  7.6
although      cjs      5399  1657  2.7   6.6  2.5
make          vvi      5399  1704  2.7   5.5  2.1
another       dt0      5367  1725  2.7   5.0  1.9
made          vvn      5307  1741  2.6   5.3  2.0
national      aj0      5277  1227  2.6  21.3  8.1
mr            np0      5272   579  2.6  71.6 27.4
local         aj0      5177  1293  2.6  27.7 10.8
me            pnp      5143   887  2.5  34.6 13.6
british       aj0      5122  1177  2.5  19.6  7.7
both          dt0      5118  1709  2.5   4.7  1.8
against       prp      5115  1466  2.5   9.5  3.7
important     aj0      5100  1519  2.5   7.1  2.8
might         vm0      4968  1511  2.5   8.7  3.5
day           nn1      4964  1408  2.5  10.3  4.2
women         nn2      4919   740  2.4  96.4 39.5
1             crd      4780  1240  2.4  18.5  7.8
often         av0      4727  1382  2.3   8.8  3.8
london        np0      4723  1102  2.3  16.6  7.1
do            vdi      4720  1479  2.3   7.6  3.3
one           crd-pni  4718  1575  2.3   5.8  2.5
without       prp      4685  1664  2.3   4.6  2.0
so            cjs      4650  1497  2.3   7.0  3.1
business      nn1      4628  1038  2.3  20.6  9.0
systems       nn2      4603   673  2.3  44.9 19.7
next          ord      4590  1465  2.3   7.3  3.2
take          vvi      4575  1674  2.3   3.9  1.7
great         aj0      4558  1421  2.3   7.2  3.2
well          av0      4494  1574  2.2   4.9  2.2
2             crd      4415  1192  2.2  15.9  7.3
